,PassengerId,Sex,Pclass_2,Pclass_3,Embarked_1,Embarked_2,SibSp_1,SibSp_2,SibSp_3,SibSp_4,SibSp_5,SibSp_8,Parch_1,Parch_2,Parch_3,Parch_4,Parch_5,Parch_6
0,1,1,0,1,0,1,1,0,0,0,0,0,0,0,0,0,0,0
1,2,0,0,0,0,0,1,0,0,0,0,0,0,0,0,0,0,0
2,3,0,0,1,0,1,0,0,0,0,0,0,0,0,0,0,0,0
3,4,0,0,0,0,1,1,0,0,0,0,0,0,0,0,0,0,0
4,5,1,0,1,0,1,0,0,0,0,0,0,0,0,0,0,0,0
5,6,1,0,1,1,0,0,0,0,0,0,0,0,0,0,0,0,0
6,7,1,0,0,0,1,0,0,0,0,0,0,0,0,0,0,0,0
7,8,1,0,1,0,1,0,0,1,0,0,0,1,0,0,0,0,0
8,9,0,0,1,0,1,0,0,0,0,0,0,0,1,0,0,0,0
9,10,0,1,0,0,0,1,0,0,0,0,0,0,0,0,0,0,0
10,11,0,0,1,0,1,1,0,0,0,0,0,1,0,0,0,0,0
11,12,0,0,0,0,1,0,0,0,0,0,0,0,0,0,0,0,0
12,13,1,0,1,0,1,0,0,0,0,0,0,0,0,0,0,0,0
13,14,1,0,1,0,1,1,0,0,0,0,0,0,0,0,0,1,0
14,15,0,0,1,0,1,0,0,0,0,0,0,0,0,0,0,0,0
15,16,0,1,0,0,1,0,0,0,0,0,0,0,0,0,0,0,0
16,17,1,0,1,1,0,0,0,0,1,0,0,1,0,0,0,0,0
17,18,1,1,0,0,1,0,0,0,0,0,0,0,0,0,0,0,0
18,19,0,0,1,0,1,1,0,0,0,0,0,0,0,0,0,0,0
19,20,0,0,1,0,0,0,0,0,0,0,0,0,0,0,0,0,0
20,21,1,1,0,0,1,0,0,0,0,0,0,0,0,0,0,0,0
21,22,1,1,0,0,1,0,0,0,0,0,0,0,0,0,0,0,0
22,23,0,0,1,1,0,0,0,0,0,0,0,0,0,0,0,0,0
23,24,1,0,0,0,1,0,0,0,0,0,0,0,0,0,0,0,0
24,25,0,0,1,0,1,0,0,1,0,0,0,1,0,0,0,0,0
25,26,0,0,1,0,1,1,0,0,0,0,0,0,0,0,0,1,0
26,27,1,0,1,0,0,0,0,0,0,0,0,0,0,0,0,0,0
27,28,1,0,0,0,1,0,0,1,0,0,0,0,1,0,0,0,0
28,29,0,0,1,1,0,0,0,0,0,0,0,0,0,0,0,0,0
29,30,1,0,1,0,1,0,0,0,0,0,0,0,0,0,0,0,0
30,31,1,0,0,0,0,0,0,0,0,0,0,0,0,0,0,0,0
31,32,0,0,0,0,0,1,0,0,0,0,0,0,0,0,0,0,0
32,33,0,0,1,1,0,0,0,0,0,0,0,0,0,0,0,0,0
33,34,1,1,0,0,1,0,0,0,0,0,0,0,0,0,0,0,0
34,35,1,0,0,0,0,1,0,0,0,0,0,0,0,0,0,0,0
35,36,1,0,0,0,1,1,0,0,0,0,0,0,0,0,0,0,0
36,37,1,0,1,0,0,0,0,0,0,0,0,0,0,0,0,0,0
37,38,1,0,1,0,1,0,0,0,0,0,0,0,0,0,0,0,0
38,39,0,0,1,0,1,0,1,0,0,0,0,0,0,0,0,0,0
39,40,0,0,1,0,0,1,0,0,0,0,0,0,0,0,0,0,0
40,41,0,0,1,0,1,1,0,0,0,0,0,0,0,0,0,0,0
41,42,0,1,0,0,1,1,0,0,0,0,0,0,0,0,0,0,0
42,43,1,0,1,0,0,0,0,0,0,0,0,0,0,0,0,0,0
43,44,0,1,0,0,0,1,0,0,0,0,0,0,1,0,0,0,0
44,45,0,0,1,1,0,0,0,0,0,0,0,0,0,0,0,0,0
45,46,1,0,1,0,1,0,0,0,0,0,0,0,0,0,0,0,0
46,47,1,0,1,1,0,1,0,0,0,0,0,0,0,0,0,0,0
47,48,0,0,1,1,0,0,0,0,0,0,0,0,0,0,0,0,0
48,49,1,0,1,0,0,0,1,0,0,0,0,0,0,0,0,0,0
49,50,0,0,1,0,1,1,0,0,0,0,0,0,0,0,0,0,0
50,51,1,0,1,0,1,0,0,0,1,0,0,1,0,0,0,0,0
51,52,1,0,1,0,1,0,0,0,0,0,0,0,0,0,0,0,0
52,53,0,0,0,0,0,1,0,0,0,0,0,0,0,0,0,0,0
53,54,0,1,0,0,1,1,0,0,0,0,0,0,0,0,0,0,0
54,55,1,0,0,0,0,0,0,0,0,0,0,1,0,0,0,0,0
55,56,1,0,0,0,1,0,0,0,0,0,0,0,0,0,0,0,0
56,57,0,1,0,0,1,0,0,0,0,0,0,0,0,0,0,0,0
57,58,1,0,1,0,0,0,0,0,0,0,0,0,0,0,0,0,0
58,59,0,1,0,0,1,1,0,0,0,0,0,0,1,0,0,0,0
59,60,1,0,1,0,1,0,0,0,0,1,0,0,1,0,0,0,0
60,61,1,0,1,0,0,0,0,0,0,0,0,0,0,0,0,0,0
61,63,1,0,0,0,1,1,0,0,0,0,0,0,0,0,0,0,0
62,64,1,0,1,0,1,0,0,1,0,0,0,0,1,0,0,0,0
63,65,1,0,0,0,0,0,0,0,0,0,0,0,0,0,0,0,0
64,66,1,0,1,0,0,1,0,0,0,0,0,1,0,0,0,0,0
65,67,0,1,0,0,1,0,0,0,0,0,0,0,0,0,0,0,0
66,68,1,0,1,0,1,0,0,0,0,0,0,0,0,0,0,0,0
67,69,0,0,1,0,1,0,0,0,1,0,0,0,1,0,0,0,0
68,70,1,0,1,0,1,0,1,0,0,0,0,0,0,0,0,0,0
69,71,1,1,0,0,1,0,0,0,0,0,0,0,0,0,0,0,0
70,72,0,0,1,0,1,0,0,0,0,1,0,0,1,0,0,0,0
71,73,1,1,0,0,1,0,0,0,0,0,0,0,0,0,0,0,0
72,74,1,0,1,0,0,1,0,0,0,0,0,0,0,0,0,0,0
73,75,1,0,1,0,1,0,0,0,0,0,0,0,0,0,0,0,0
74,76,1,0,1,0,1,0,0,0,0,0,0,0,0,0,0,0,0
75,77,1,0,1,0,1,0,0,0,0,0,0,0,0,0,0,0,0
76,78,1,0,1,0,1,0,0,0,0,0,0,0,0,0,0,0,0
77,79,1,1,0,0,1,0,0,0,0,0,0,0,1,0,0,0,0
78,80,0,0,1,0,1,0,0,0,0,0,0,0,0,0,0,0,0
79,81,1,0,1,0,1,0,0,0,0,0,0,0,0,0,0,0,0
80,82,1,0,1,0,1,0,0,0,0,0,0,0,0,0,0,0,0
81,83,0,0,1,1,0,0,0,0,0,0,0,0,0,0,0,0,0
82,84,1,0,0,0,1,0,0,0,0,0,0,0,0,0,0,0,0
83,85,0,1,0,0,1,0,0,0,0,0,0,0,0,0,0,0,0
84,86,0,0,1,0,1,0,0,1,0,0,0,0,0,0,0,0,0
85,87,1,0,1,0,1,1,0,0,0,0,0,0,0,1,0,0,0
86,88,1,0,1,0,1,0,0,0,0,0,0,0,0,0,0,0,0
87,89,0,0,0,0,1,0,0,1,0,0,0,0,1,0,0,0,0
88,90,1,0,1,0,1,0,0,0,0,0,0,0,0,0,0,0,0
89,91,1,0,1,0,1,0,0,0,0,0,0,0,0,0,0,0,0
90,92,1,0,1,0,1,0,0,0,0,0,0,0,0,0,0,0,0
91,93,1,0,0,0,1,1,0,0,0,0,0,0,0,0,0,0,0
92,94,1,0,1,0,1,1,0,0,0,0,0,0,1,0,0,0,0
93,95,1,0,1,0,1,0,0,0,0,0,0,0,0,0,0,0,0
94,96,1,0,1,0,1,0,0,0,0,0,0,0,0,0,0,0,0
95,97,1,0,0,0,0,0,0,0,0,0,0,0,0,0,0,0,0
96,98,1,0,0,0,0,0,0,0,0,0,0,1,0,0,0,0,0
97,99,0,1,0,0,1,0,0,0,0,0,0,1,0,0,0,0,0
98,100,1,1,0,0,1,1,0,0,0,0,0,0,0,0,0,0,0
99,101,0,0,1,0,1,0,0,0,0,0,0,0,0,0,0,0,0
100,102,1,0,1,0,1,0,0,0,0,0,0,0,0,0,0,0,0
101,103,1,0,0,0,1,0,0,0,0,0,0,1,0,0,0,0,0
102,104,1,0,1,0,1,0,0,0,0,0,0,0,0,0,0,0,0
103,105,1,0,1,0,1,0,1,0,0,0,0,0,0,0,0,0,0
104,106,1,0,1,0,1,0,0,0,0,0,0,0,0,0,0,0,0
105,107,0,0,1,0,1,0,0,0,0,0,0,0,0,0,0,0,0
106,108,1,0,1,0,1,0,0,0,0,0,0,0,0,0,0,0,0
107,109,1,0,1,0,1,0,0,0,0,0,0,0,0,0,0,0,0
108,110,0,0,1,1,0,1,0,0,0,0,0,0,0,0,0,0,0
109,111,1,0,0,0,1,0,0,0,0,0,0,0,0,0,0,0,0
110,112,0,0,1,0,0,1,0,0,0,0,0,0,0,0,0,0,0
111,113,1,0,1,0,1,0,0,0,0,0,0,0,0,0,0,0,0
112,114,0,0,1,0,1,1,0,0,0,0,0,0,0,0,0,0,0
113,115,0,0,1,0,0,0,0,0,0,0,0,0,0,0,0,0,0
114,116,1,0,1,0,1,0,0,0,0,0,0,0,0,0,0,0,0
115,117,1,0,1,1,0,0,0,0,0,0,0,0,0,0,0,0,0
116,118,1,1,0,0,1,1,0,0,0,0,0,0,0,0,0,0,0
117,119,1,0,0,0,0,0,0,0,0,0,0,1,0,0,0,0,0
118,120,0,0,1,0,1,0,0,0,1,0,0,0,1,0,0,0,0
119,121,1,1,0,0,1,0,1,0,0,0,0,0,0,0,0,0,0
120,122,1,0,1,0,1,0,0,0,0,0,0,0,0,0,0,0,0
121,123,1,1,0,0,0,1,0,0,0,0,0,0,0,0,0,0,0
122,124,0,1,0,0,1,0,0,0,0,0,0,0,0,0,0,0,0
123,125,1,0,0,0,1,0,0,0,0,0,0,1,0,0,0,0,0
124,126,1,0,1,0,0,1,0,0,0,0,0,0,0,0,0,0,0
125,127,1,0,1,1,0,0,0,0,0,0,0,0,0,0,0,0,0
126,128,1,0,1,0,1,0,0,0,0,0,0,0,0,0,0,0,0
127,129,0,0,1,0,0,1,0,0,0,0,0,1,0,0,0,0,0
128,130,1,0,1,0,1,0,0,0,0,0,0,0,0,0,0,0,0
129,131,1,0,1,0,0,0,0,0,0,0,0,0,0,0,0,0,0
130,132,1,0,1,0,1,0,0,0,0,0,0,0,0,0,0,0,0
131,133,0,0,1,0,1,1,0,0,0,0,0,0,0,0,0,0,0
132,134,0,1,0,0,1,1,0,0,0,0,0,0,0,0,0,0,0
133,135,1,1,0,0,1,0,0,0,0,0,0,0,0,0,0,0,0
134,136,1,1,0,0,0,0,0,0,0,0,0,0,0,0,0,0,0
135,137,0,0,0,0,1,0,0,0,0,0,0,0,1,0,0,0,0
136,138,1,0,0,0,1,1,0,0,0,0,0,0,0,0,0,0,0
137,139,1,0,1,0,1,0,0,0,0,0,0,0,0,0,0,0,0
138,140,1,0,0,0,0,0,0,0,0,0,0,0,0,0,0,0,0
139,141,0,0,1,0,0,0,0,0,0,0,0,0,1,0,0,0,0
140,142,0,0,1,0,1,0,0,0,0,0,0,0,0,0,0,0,0
141,143,0,0,1,0,1,1,0,0,0,0,0,0,0,0,0,0,0
142,144,1,0,1,1,0,0,0,0,0,0,0,0,0,0,0,0,0
143,145,1,1,0,0,1,0,0,0,0,0,0,0,0,0,0,0,0
144,146,1,1,0,0,1,1,0,0,0,0,0,1,0,0,0,0,0
145,147,1,0,1,0,1,0,0,0,0,0,0,0,0,0,0,0,0
146,148,0,0,1,0,1,0,1,0,0,0,0,0,1,0,0,0,0
147,149,1,1,0,0,1,0,0,0,0,0,0,0,1,0,0,0,0
148,150,1,1,0,0,1,0,0,0,0,0,0,0,0,0,0,0,0
149,151,1,1,0,0,1,0,0,0,0,0,0,0,0,0,0,0,0
150,152,0,0,0,0,1,1,0,0,0,0,0,0,0,0,0,0,0
151,153,1,0,1,0,1,0,0,0,0,0,0,0,0,0,0,0,0
152,154,1,0,1,0,1,0,0,0,0,0,0,0,1,0,0,0,0
153,155,1,0,1,0,1,0,0,0,0,0,0,0,0,0,0,0,0
154,156,1,0,0,0,0,0,0,0,0,0,0,1,0,0,0,0,0
155,157,0,0,1,1,0,0,0,0,0,0,0,0,0,0,0,0,0
156,158,1,0,1,0,1,0,0,0,0,0,0,0,0,0,0,0,0
157,159,1,0,1,0,1,0,0,0,0,0,0,0,0,0,0,0,0
158,160,1,0,1,0,1,0,0,0,0,0,1,0,1,0,0,0,0
159,161,1,0,1,0,1,0,0,0,0,0,0,1,0,0,0,0,0
160,162,0,1,0,0,1,0,0,0,0,0,0,0,0,0,0,0,0
161,163,1,0,1,0,1,0,0,0,0,0,0,0,0,0,0,0,0
162,164,1,0,1,0,1,0,0,0,0,0,0,0,0,0,0,0,0
163,165,1,0,1,0,1,0,0,0,1,0,0,1,0,0,0,0,0
164,166,1,0,1,0,1,0,0,0,0,0,0,0,1,0,0,0,0
165,167,0,0,0,0,1,0,0,0,0,0,0,1,0,0,0,0,0
166,168,0,0,1,0,1,1,0,0,0,0,0,0,0,0,1,0,0
167,169,1,0,0,0,1,0,0,0,0,0,0,0,0,0,0,0,0
168,170,1,0,1,0,1,0,0,0,0,0,0,0,0,0,0,0,0
169,171,1,0,0,0,1,0,0,0,0,0,0,0,0,0,0,0,0
170,172,1,0,1,1,0,0,0,0,1,0,0,1,0,0,0,0,0
171,173,0,0,1,0,1,1,0,0,0,0,0,1,0,0,0,0,0
172,174,1,0,1,0,1,0,0,0,0,0,0,0,0,0,0,0,0
173,175,1,0,0,0,0,0,0,0,0,0,0,0,0,0,0,0,0
174,176,1,0,1,0,1,1,0,0,0,0,0,1,0,0,0,0,0
175,177,1,0,1,0,1,0,0,1,0,0,0,1,0,0,0,0,0
176,178,0,0,0,0,0,0,0,0,0,0,0,0,0,0,0,0,0
177,179,1,1,0,0,1,0,0,0,0,0,0,0,0,0,0,0,0
178,180,1,0,1,0,1,0,0,0,0,0,0,0,0,0,0,0,0
179,181,0,0,1,0,1,0,0,0,0,0,1,0,1,0,0,0,0
180,182,1,1,0,0,0,0,0,0,0,0,0,0,0,0,0,0,0
181,183,1,0,1,0,1,0,0,0,1,0,0,0,1,0,0,0,0
182,184,1,1,0,0,1,0,1,0,0,0,0,1,0,0,0,0,0
183,185,0,0,1,0,1,0,0,0,0,0,0,0,1,0,0,0,0
184,186,1,0,0,0,1,0,0,0,0,0,0,0,0,0,0,0,0
185,187,0,0,1,1,0,1,0,0,0,0,0,0,0,0,0,0,0
186,188,1,0,0,0,1,0,0,0,0,0,0,0,0,0,0,0,0
187,189,1,0,1,1,0,1,0,0,0,0,0,1,0,0,0,0,0
188,190,1,0,1,0,1,0,0,0,0,0,0,0,0,0,0,0,0
189,191,0,1,0,0,1,0,0,0,0,0,0,0,0,0,0,0,0
190,192,1,1,0,0,1,0,0,0,0,0,0,0,0,0,0,0,0
191,193,0,0,1,0,1,1,0,0,0,0,0,0,0,0,0,0,0
192,194,1,1,0,0,1,1,0,0,0,0,0,1,0,0,0,0,0
193,195,0,0,0,0,0,0,0,0,0,0,0,0,0,0,0,0,0
194,196,0,0,0,0,0,0,0,0,0,0,0,0,0,0,0,0,0
195,197,1,0,1,1,0,0,0,0,0,0,0,0,0,0,0,0,0
196,198,1,0,1,0,1,0,0,0,0,0,0,1,0,0,0,0,0
197,199,0,0,1,1,0,0,0,0,0,0,0,0,0,0,0,0,0
198,200,0,1,0,0,1,0,0,0,0,0,0,0,0,0,0,0,0
199,201,1,0,1,0,1,0,0,0,0,0,0,0,0,0,0,0,0
200,202,1,0,1,0,1,0,0,0,0,0,1,0,1,0,0,0,0
201,203,1,0,1,0,1,0,0,0,0,0,0,0,0,0,0,0,0
202,204,1,0,1,0,0,0,0,0,0,0,0,0,0,0,0,0,0
203,205,1,0,1,0,1,0,0,0,0,0,0,0,0,0,0,0,0
204,206,0,0,1,0,1,0,0,0,0,0,0,1,0,0,0,0,0
205,207,1,0,1,0,1,1,0,0,0,0,0,0,0,0,0,0,0
206,208,1,0,1,0,0,0,0,0,0,0,0,0,0,0,0,0,0
207,209,0,0,1,1,0,0,0,0,0,0,0,0,0,0,0,0,0
208,210,1,0,0,0,0,0,0,0,0,0,0,0,0,0,0,0,0
209,211,1,0,1,0,1,0,0,0,0,0,0,0,0,0,0,0,0
210,212,0,1,0,0,1,0,0,0,0,0,0,0,0,0,0,0,0
211,213,1,0,1,0,1,0,0,0,0,0,0,0,0,0,0,0,0
212,214,1,1,0,0,1,0,0,0,0,0,0,0,0,0,0,0,0
213,215,1,0,1,1,0,1,0,0,0,0,0,0,0,0,0,0,0
214,216,0,0,0,0,0,1,0,0,0,0,0,0,0,0,0,0,0
215,217,0,0,1,0,1,0,0,0,0,0,0,0,0,0,0,0,0
216,218,1,1,0,0,1,1,0,0,0,0,0,0,0,0,0,0,0
217,219,0,0,0,0,0,0,0,0,0,0,0,0,0,0,0,0,0
218,220,1,1,0,0,1,0,0,0,0,0,0,0,0,0,0,0,0
219,221,1,0,1,0,1,0,0,0,0,0,0,0,0,0,0,0,0
220,222,1,1,0,0,1,0,0,0,0,0,0,0,0,0,0,0,0
221,223,1,0,1,0,1,0,0,0,0,0,0,0,0,0,0,0,0
222,224,1,0,1,0,1,0,0,0,0,0,0,0,0,0,0,0,0
223,225,1,0,0,0,1,1,0,0,0,0,0,0,0,0,0,0,0
224,226,1,0,1,0,1,0,0,0,0,0,0,0,0,0,0,0,0
225,227,1,1,0,0,1,0,0,0,0,0,0,0,0,0,0,0,0
226,228,1,0,1,0,1,0,0,0,0,0,0,0,0,0,0,0,0
227,229,1,1,0,0,1,0,0,0,0,0,0,0,0,0,0,0,0
228,230,0,0,1,0,1,0,0,1,0,0,0,1,0,0,0,0,0
229,231,0,0,0,0,1,1,0,0,0,0,0,0,0,0,0,0,0
230,232,1,0,1,0,1,0,0,0,0,0,0,0,0,0,0,0,0
231,233,1,1,0,0,1,0,0,0,0,0,0,0,0,0,0,0,0
232,234,0,0,1,0,1,0,0,0,1,0,0,0,1,0,0,0,0
233,235,1,1,0,0,1,0,0,0,0,0,0,0,0,0,0,0,0
234,236,0,0,1,0,1,0,0,0,0,0,0,0,0,0,0,0,0
235,237,1,1,0,0,1,1,0,0,0,0,0,0,0,0,0,0,0
236,238,0,1,0,0,1,0,0,0,0,0,0,0,1,0,0,0,0
237,239,1,1,0,0,1,0,0,0,0,0,0,0,0,0,0,0,0
238,240,1,1,0,0,1,0,0,0,0,0,0,0,0,0,0,0,0
239,241,0,0,1,0,0,1,0,0,0,0,0,0,0,0,0,0,0
240,242,0,0,1,1,0,1,0,0,0,0,0,0,0,0,0,0,0
241,243,1,1,0,0,1,0,0,0,0,0,0,0,0,0,0,0,0
242,244,1,0,1,0,1,0,0,0,0,0,0,0,0,0,0,0,0
243,245,1,0,1,0,0,0,0,0,0,0,0,0,0,0,0,0,0
244,246,1,0,0,1,0,0,1,0,0,0,0,0,0,0,0,0,0
245,247,0,0,1,0,1,0,0,0,0,0,0,0,0,0,0,0,0
246,248,0,1,0,0,1,0,0,0,0,0,0,0,1,0,0,0,0
247,249,1,0,0,0,1,1,0,0,0,0,0,1,0,0,0,0,0
248,250,1,1,0,0,1,1,0,0,0,0,0,0,0,0,0,0,0
249,251,1,0,1,0,1,0,0,0,0,0,0,0,0,0,0,0,0
250,252,0,0,1,0,1,1,0,0,0,0,0,1,0,0,0,0,0
251,253,1,0,0,0,1,0,0,0,0,0,0,0,0,0,0,0,0
252,254,1,0,1,0,1,1,0,0,0,0,0,0,0,0,0,0,0
253,255,0,0,1,0,1,0,0,0,0,0,0,0,1,0,0,0,0
254,256,0,0,1,0,0,0,0,0,0,0,0,0,1,0,0,0,0
255,257,0,0,0,0,0,0,0,0,0,0,0,0,0,0,0,0,0
256,258,0,0,0,0,1,0,0,0,0,0,0,0,0,0,0,0,0
257,259,0,0,0,0,0,0,0,0,0,0,0,0,0,0,0,0,0
258,260,0,1,0,0,1,0,0,0,0,0,0,1,0,0,0,0,0
259,261,1,0,1,1,0,0,0,0,0,0,0,0,0,0,0,0,0
260,262,1,0,1,0,1,0,0,0,1,0,0,0,1,0,0,0,0
261,263,1,0,0,0,1,1,0,0,0,0,0,1,0,0,0,0,0
262,264,1,0,0,0,1,0,0,0,0,0,0,0,0,0,0,0,0
263,265,0,0,1,1,0,0,0,0,0,0,0,0,0,0,0,0,0
264,266,1,1,0,0,1,0,0,0,0,0,0,0,0,0,0,0,0
265,267,1,0,1,0,1,0,0,0,1,0,0,1,0,0,0,0,0
266,268,1,0,1,0,1,1,0,0,0,0,0,0,0,0,0,0,0
267,269,0,0,0,0,1,0,0,0,0,0,0,1,0,0,0,0,0
268,270,0,0,0,0,1,0,0,0,0,0,0,0,0,0,0,0,0
269,271,1,0,0,0,1,0,0,0,0,0,0,0,0,0,0,0,0
270,272,1,0,1,0,1,0,0,0,0,0,0,0,0,0,0,0,0
271,273,0,1,0,0,1,0,0,0,0,0,0,1,0,0,0,0,0
272,274,1,0,0,0,0,0,0,0,0,0,0,1,0,0,0,0,0
273,275,0,0,1,1,0,0,0,0,0,0,0,0,0,0,0,0,0
274,276,0,0,0,0,1,1,0,0,0,0,0,0,0,0,0,0,0
275,277,0,0,1,0,1,0,0,0,0,0,0,0,0,0,0,0,0
276,278,1,1,0,0,1,0,0,0,0,0,0,0,0,0,0,0,0
277,279,1,0,1,1,0,0,0,0,1,0,0,1,0,0,0,0,0
278,280,0,0,1,0,1,1,0,0,0,0,0,1,0,0,0,0,0
279,281,1,0,1,1,0,0,0,0,0,0,0,0,0,0,0,0,0
280,282,1,0,1,0,1,0,0,0,0,0,0,0,0,0,0,0,0
281,283,1,0,1,0,1,0,0,0,0,0,0,0,0,0,0,0,0
282,284,1,0,1,0,1,0,0,0,0,0,0,0,0,0,0,0,0
283,285,1,0,0,0,1,0,0,0,0,0,0,0,0,0,0,0,0
284,286,1,0,1,0,0,0,0,0,0,0,0,0,0,0,0,0,0
285,287,1,0,1,0,1,0,0,0,0,0,0,0,0,0,0,0,0
286,288,1,0,1,0,1,0,0,0,0,0,0,0,0,0,0,0,0
287,289,1,1,0,0,1,0,0,0,0,0,0,0,0,0,0,0,0
288,290,0,0,1,1,0,0,0,0,0,0,0,0,0,0,0,0,0
289,291,0,0,0,0,1,0,0,0,0,0,0,0,0,0,0,0,0
290,292,0,0,0,0,0,1,0,0,0,0,0,0,0,0,0,0,0
291,293,1,1,0,0,0,0,0,0,0,0,0,0,0,0,0,0,0
292,294,0,0,1,0,1,0,0,0,0,0,0,0,0,0,0,0,0
293,295,1,0,1,0,1,0,0,0,0,0,0,0,0,0,0,0,0
294,296,1,0,0,0,0,0,0,0,0,0,0,0,0,0,0,0,0
295,297,1,0,1,0,0,0,0,0,0,0,0,0,0,0,0,0,0
296,298,0,0,0,0,1,1,0,0,0,0,0,0,1,0,0,0,0
297,299,1,0,0,0,1,0,0,0,0,0,0,0,0,0,0,0,0
298,300,0,0,0,0,0,0,0,0,0,0,0,1,0,0,0,0,0
299,301,0,0,1,1,0,0,0,0,0,0,0,0,0,0,0,0,0
300,302,1,0,1,1,0,0,1,0,0,0,0,0,0,0,0,0,0
301,303,1,0,1,0,1,0,0,0,0,0,0,0,0,0,0,0,0
302,304,0,1,0,1,0,0,0,0,0,0,0,0,0,0,0,0,0
303,305,1,0,1,0,1,0,0,0,0,0,0,0,0,0,0,0,0
304,306,1,0,0,0,1,1,0,0,0,0,0,0,1,0,0,0,0
305,307,0,0,0,0,0,0,0,0,0,0,0,0,0,0,0,0,0
306,308,0,0,0,0,0,1,0,0,0,0,0,0,0,0,0,0,0
307,309,1,1,0,0,0,1,0,0,0,0,0,0,0,0,0,0,0
308,310,0,0,0,0,0,0,0,0,0,0,0,0,0,0,0,0,0
309,311,0,0,0,0,0,0,0,0,0,0,0,0,0,0,0,0,0
310,312,0,0,0,0,0,0,1,0,0,0,0,0,1,0,0,0,0
311,313,0,1,0,0,1,1,0,0,0,0,0,1,0,0,0,0,0
312,314,1,0,1,0,1,0,0,0,0,0,0,0,0,0,0,0,0
313,315,1,1,0,0,1,1,0,0,0,0,0,1,0,0,0,0,0
314,316,0,0,1,0,1,0,0,0,0,0,0,0,0,0,0,0,0
315,317,0,1,0,0,1,1,0,0,0,0,0,0,0,0,0,0,0
316,318,1,1,0,0,1,0,0,0,0,0,0,0,0,0,0,0,0
317,319,0,0,0,0,1,0,0,0,0,0,0,0,1,0,0,0,0
318,320,0,0,0,0,0,1,0,0,0,0,0,1,0,0,0,0,0
319,321,1,0,1,0,1,0,0,0,0,0,0,0,0,0,0,0,0
320,322,1,0,1,0,1,0,0,0,0,0,0,0,0,0,0,0,0
321,323,0,1,0,1,0,0,0,0,0,0,0,0,0,0,0,0,0
322,324,0,1,0,0,1,1,0,0,0,0,0,1,0,0,0,0,0
323,325,1,0,1,0,1,0,0,0,0,0,1,0,1,0,0,0,0
324,326,0,0,0,0,0,0,0,0,0,0,0,0,0,0,0,0,0
325,327,1,0,1,0,1,0,0,0,0,0,0,0,0,0,0,0,0
326,328,0,1,0,0,1,0,0,0,0,0,0,0,0,0,0,0,0
327,329,0,0,1,0,1,1,0,0,0,0,0,1,0,0,0,0,0
328,330,0,0,0,0,0,0,0,0,0,0,0,1,0,0,0,0,0
329,331,0,0,1,1,0,0,1,0,0,0,0,0,0,0,0,0,0
330,332,1,0,0,0,1,0,0,0,0,0,0,0,0,0,0,0,0
331,333,1,0,0,0,1,0,0,0,0,0,0,1,0,0,0,0,0
332,334,1,0,1,0,1,0,1,0,0,0,0,0,0,0,0,0,0
333,335,0,0,0,0,1,1,0,0,0,0,0,0,0,0,0,0,0
334,336,1,0,1,0,1,0,0,0,0,0,0,0,0,0,0,0,0
335,337,1,0,0,0,1,1,0,0,0,0,0,0,0,0,0,0,0
336,338,0,0,0,0,0,0,0,0,0,0,0,0,0,0,0,0,0
337,339,1,0,1,0,1,0,0,0,0,0,0,0,0,0,0,0,0
338,340,1,0,0,0,1,0,0,0,0,0,0,0,0,0,0,0,0
339,341,1,1,0,0,1,1,0,0,0,0,0,1,0,0,0,0,0
340,342,0,0,0,0,1,0,0,1,0,0,0,0,1,0,0,0,0
341,343,1,1,0,0,1,0,0,0,0,0,0,0,0,0,0,0,0
342,344,1,1,0,0,1,0,0,0,0,0,0,0,0,0,0,0,0
343,345,1,1,0,0,1,0,0,0,0,0,0,0,0,0,0,0,0
344,346,0,1,0,0,1,0,0,0,0,0,0,0,0,0,0,0,0
345,347,0,1,0,0,1,0,0,0,0,0,0,0,0,0,0,0,0
346,348,0,0,1,0,1,1,0,0,0,0,0,0,0,0,0,0,0
347,349,1,0,1,0,1,1,0,0,0,0,0,1,0,0,0,0,0
348,350,1,0,1,0,1,0,0,0,0,0,0,0,0,0,0,0,0
349,351,1,0,1,0,1,0,0,0,0,0,0,0,0,0,0,0,0
350,352,1,0,0,0,1,0,0,0,0,0,0,0,0,0,0,0,0
351,353,1,0,1,0,0,1,0,0,0,0,0,1,0,0,0,0,0
352,354,1,0,1,0,1,1,0,0,0,0,0,0,0,0,0,0,0
353,355,1,0,1,0,0,0,0,0,0,0,0,0,0,0,0,0,0
354,356,1,0,1,0,1,0,0,0,0,0,0,0,0,0,0,0,0
355,357,0,0,0,0,1,0,0,0,0,0,0,1,0,0,0,0,0
356,358,0,1,0,0,1,0,0,0,0,0,0,0,0,0,0,0,0
357,359,0,0,1,1,0,0,0,0,0,0,0,0,0,0,0,0,0
358,360,0,0,1,1,0,0,0,0,0,0,0,0,0,0,0,0,0
359,361,1,0,1,0,1,1,0,0,0,0,0,0,0,0,1,0,0
360,362,1,1,0,0,0,1,0,0,0,0,0,0,0,0,0,0,0
361,363,0,0,1,0,0,0,0,0,0,0,0,1,0,0,0,0,0
362,364,1,0,1,0,1,0,0,0,0,0,0,0,0,0,0,0,0
363,365,1,0,1,1,0,1,0,0,0,0,0,0,0,0,0,0,0
364,366,1,0,1,0,1,0,0,0,0,0,0,0,0,0,0,0,0
365,367,0,0,0,0,0,1,0,0,0,0,0,0,0,0,0,0,0
366,368,0,0,1,0,0,0,0,0,0,0,0,0,0,0,0,0,0
367,369,0,0,1,1,0,0,0,0,0,0,0,0,0,0,0,0,0
368,370,0,0,0,0,0,0,0,0,0,0,0,0,0,0,0,0,0
369,371,1,0,0,0,0,1,0,0,0,0,0,0,0,0,0,0,0
370,372,1,0,1,0,1,1,0,0,0,0,0,0,0,0,0,0,0
371,373,1,0,1,0,1,0,0,0,0,0,0,0,0,0,0,0,0
372,374,1,0,0,0,0,0,0,0,0,0,0,0,0,0,0,0,0
373,375,0,0,1,0,1,0,0,1,0,0,0,1,0,0,0,0,0
374,376,0,0,0,0,0,1,0,0,0,0,0,0,0,0,0,0,0
375,377,0,0,1,0,1,0,0,0,0,0,0,0,0,0,0,0,0
376,378,1,0,0,0,0,0,0,0,0,0,0,0,1,0,0,0,0
377,379,1,0,1,0,0,0,0,0,0,0,0,0,0,0,0,0,0
378,380,1,0,1,0,1,0,0,0,0,0,0,0,0,0,0,0,0
379,381,0,0,0,0,0,0,0,0,0,0,0,0,0,0,0,0,0
380,382,0,0,1,0,0,0,0,0,0,0,0,0,1,0,0,0,0
381,383,1,0,1,0,1,0,0,0,0,0,0,0,0,0,0,0,0
382,384,0,0,0,0,1,1,0,0,0,0,0,0,0,0,0,0,0
383,385,1,0,1,0,1,0,0,0,0,0,0,0,0,0,0,0,0
384,386,1,1,0,0,1,0,0,0,0,0,0,0,0,0,0,0,0
385,387,1,0,1,0,1,0,0,0,0,1,0,0,1,0,0,0,0
386,388,0,1,0,0,1,0,0,0,0,0,0,0,0,0,0,0,0
387,389,1,0,1,1,0,0,0,0,0,0,0,0,0,0,0,0,0
388,390,0,1,0,0,0,0,0,0,0,0,0,0,0,0,0,0,0
389,391,1,0,0,0,1,1,0,0,0,0,0,0,1,0,0,0,0
390,392,1,0,1,0,1,0,0,0,0,0,0,0,0,0,0,0,0
391,393,1,0,1,0,1,0,1,0,0,0,0,0,0,0,0,0,0
392,394,0,0,0,0,0,1,0,0,0,0,0,0,0,0,0,0,0
393,395,0,0,1,0,1,0,0,0,0,0,0,0,1,0,0,0,0
394,396,1,0,1,0,1,0,0,0,0,0,0,0,0,0,0,0,0
395,397,0,0,1,0,1,0,0,0,0,0,0,0,0,0,0,0,0
396,398,1,1,0,0,1,0,0,0,0,0,0,0,0,0,0,0,0
397,399,1,1,0,0,1,0,0,0,0,0,0,0,0,0,0,0,0
398,400,0,1,0,0,1,0,0,0,0,0,0,0,0,0,0,0,0
399,401,1,0,1,0,1,0,0,0,0,0,0,0,0,0,0,0,0
400,402,1,0,1,0,1,0,0,0,0,0,0,0,0,0,0,0,0
401,403,0,0,1,0,1,1,0,0,0,0,0,0,0,0,0,0,0
402,404,1,0,1,0,1,1,0,0,0,0,0,0,0,0,0,0,0
403,405,0,0,1,0,1,0,0,0,0,0,0,0,0,0,0,0,0
404,406,1,1,0,0,1,1,0,0,0,0,0,0,0,0,0,0,0
405,407,1,0,1,0,1,0,0,0,0,0,0,0,0,0,0,0,0
406,408,1,1,0,0,1,1,0,0,0,0,0,1,0,0,0,0,0
407,409,1,0,1,0,1,0,0,0,0,0,0,0,0,0,0,0,0
408,410,0,0,1,0,1,0,0,1,0,0,0,1,0,0,0,0,0
409,411,1,0,1,0,1,0,0,0,0,0,0,0,0,0,0,0,0
410,412,1,0,1,1,0,0,0,0,0,0,0,0,0,0,0,0,0
411,413,0,0,0,1,0,1,0,0,0,0,0,0,0,0,0,0,0
412,414,1,1,0,0,1,0,0,0,0,0,0,0,0,0,0,0,0
413,415,1,0,1,0,1,0,0,0,0,0,0,0,0,0,0,0,0
414,416,0,0,1,0,1,0,0,0,0,0,0,0,0,0,0,0,0
415,417,0,1,0,0,1,1,0,0,0,0,0,1,0,0,0,0,0
416,418,0,1,0,0,1,0,0,0,0,0,0,0,1,0,0,0,0
417,419,1,1,0,0,1,0,0,0,0,0,0,0,0,0,0,0,0
418,420,0,0,1,0,1,0,0,0,0,0,0,0,1,0,0,0,0
419,421,1,0,1,0,0,0,0,0,0,0,0,0,0,0,0,0,0
420,422,1,0,1,1,0,0,0,0,0,0,0,0,0,0,0,0,0
421,423,1,0,1,0,1,0,0,0,0,0,0,0,0,0,0,0,0
422,424,0,0,1,0,1,1,0,0,0,0,0,1,0,0,0,0,0
423,425,1,0,1,0,1,1,0,0,0,0,0,1,0,0,0,0,0
424,426,1,0,1,0,1,0,0,0,0,0,0,0,0,0,0,0,0
425,427,0,1,0,0,1,1,0,0,0,0,0,0,0,0,0,0,0
426,428,0,1,0,0,1,0,0,0,0,0,0,0,0,0,0,0,0
427,429,1,0,1,1,0,0,0,0,0,0,0,0,0,0,0,0,0
428,430,1,0,1,0,1,0,0,0,0,0,0,0,0,0,0,0,0
429,431,1,0,0,0,1,0,0,0,0,0,0,0,0,0,0,0,0
430,432,0,0,1,0,1,1,0,0,0,0,0,0,0,0,0,0,0
431,433,0,1,0,0,1,1,0,0,0,0,0,0,0,0,0,0,0
432,434,1,0,1,0,1,0,0,0,0,0,0,0,0,0,0,0,0
433,435,1,0,0,0,1,1,0,0,0,0,0,0,0,0,0,0,0
434,436,0,0,0,0,1,1,0,0,0,0,0,0,1,0,0,0,0
435,437,0,0,1,0,1,0,1,0,0,0,0,0,1,0,0,0,0
436,438,0,1,0,0,1,0,1,0,0,0,0,0,0,1,0,0,0
437,439,1,0,0,0,1,1,0,0,0,0,0,0,0,0,1,0,0
438,440,1,1,0,0,1,0,0,0,0,0,0,0,0,0,0,0,0
439,441,0,1,0,0,1,1,0,0,0,0,0,1,0,0,0,0,0
440,442,1,0,1,0,1,0,0,0,0,0,0,0,0,0,0,0,0
441,443,1,0,1,0,1,1,0,0,0,0,0,0,0,0,0,0,0
442,444,0,1,0,0,1,0,0,0,0,0,0,0,0,0,0,0,0
443,445,1,0,1,0,1,0,0,0,0,0,0,0,0,0,0,0,0
444,446,1,0,0,0,1,0,0,0,0,0,0,0,1,0,0,0,0
445,447,0,1,0,0,1,0,0,0,0,0,0,1,0,0,0,0,0
446,448,1,0,0,0,1,0,0,0,0,0,0,0,0,0,0,0,0
447,449,0,0,1,0,0,0,1,0,0,0,0,1,0,0,0,0,0
448,450,1,0,0,0,1,0,0,0,0,0,0,0,0,0,0,0,0
449,451,1,1,0,0,1,1,0,0,0,0,0,0,1,0,0,0,0
450,452,1,0,1,0,1,1,0,0,0,0,0,0,0,0,0,0,0
451,453,1,0,0,0,0,0,0,0,0,0,0,0,0,0,0,0,0
452,454,1,0,0,0,0,1,0,0,0,0,0,0,0,0,0,0,0
453,455,1,0,1,0,1,0,0,0,0,0,0,0,0,0,0,0,0
454,456,1,0,1,0,0,0,0,0,0,0,0,0,0,0,0,0,0
455,457,1,0,0,0,1,0,0,0,0,0,0,0,0,0,0,0,0
456,458,0,0,0,0,1,1,0,0,0,0,0,0,0,0,0,0,0
457,459,0,1,0,0,1,0,0,0,0,0,0,0,0,0,0,0,0
458,460,1,0,1,1,0,0,0,0,0,0,0,0,0,0,0,0,0
459,461,1,0,0,0,1,0,0,0,0,0,0,0,0,0,0,0,0
460,462,1,0,1,0,1,0,0,0,0,0,0,0,0,0,0,0,0
461,463,1,0,0,0,1,0,0,0,0,0,0,0,0,0,0,0,0
462,464,1,1,0,0,1,0,0,0,0,0,0,0,0,0,0,0,0
463,465,1,0,1,0,1,0,0,0,0,0,0,0,0,0,0,0,0
464,466,1,0,1,0,1,0,0,0,0,0,0,0,0,0,0,0,0
465,467,1,1,0,0,1,0,0,0,0,0,0,0,0,0,0,0,0
466,468,1,0,0,0,1,0,0,0,0,0,0,0,0,0,0,0,0
467,469,1,0,1,1,0,0,0,0,0,0,0,0,0,0,0,0,0
468,470,0,0,1,0,0,0,1,0,0,0,0,1,0,0,0,0,0
469,471,1,0,1,0,1,0,0,0,0,0,0,0,0,0,0,0,0
470,472,1,0,1,0,1,0,0,0,0,0,0,0,0,0,0,0,0
471,473,0,1,0,0,1,1,0,0,0,0,0,0,1,0,0,0,0
472,474,0,1,0,0,0,0,0,0,0,0,0,0,0,0,0,0,0
473,475,0,0,1,0,1,0,0,0,0,0,0,0,0,0,0,0,0
474,476,1,0,0,0,1,0,0,0,0,0,0,0,0,0,0,0,0
475,477,1,1,0,0,1,1,0,0,0,0,0,0,0,0,0,0,0
476,478,1,0,1,0,1,1,0,0,0,0,0,0,0,0,0,0,0
477,479,1,0,1,0,1,0,0,0,0,0,0,0,0,0,0,0,0
478,480,0,0,1,0,1,0,0,0,0,0,0,1,0,0,0,0,0
479,481,1,0,1,0,1,0,0,0,0,1,0,0,1,0,0,0,0
480,482,1,1,0,0,1,0,0,0,0,0,0,0,0,0,0,0,0
481,483,1,0,1,0,1,0,0,0,0,0,0,0,0,0,0,0,0
482,484,0,0,1,0,1,0,0,0,0,0,0,0,0,0,0,0,0
483,485,1,0,0,0,0,1,0,0,0,0,0,0,0,0,0,0,0
484,486,0,0,1,0,1,0,0,1,0,0,0,1,0,0,0,0,0
485,487,0,0,0,0,1,1,0,0,0,0,0,0,0,0,0,0,0
486,488,1,0,0,0,0,0,0,0,0,0,0,0,0,0,0,0,0
487,489,1,0,1,0,1,0,0,0,0,0,0,0,0,0,0,0,0
488,490,1,0,1,0,1,1,0,0,0,0,0,1,0,0,0,0,0
489,491,1,0,1,0,1,1,0,0,0,0,0,0,0,0,0,0,0
490,492,1,0,1,0,1,0,0,0,0,0,0,0,0,0,0,0,0
491,493,1,0,0,0,1,0,0,0,0,0,0,0,0,0,0,0,0
492,494,1,0,0,0,0,0,0,0,0,0,0,0,0,0,0,0,0
493,495,1,0,1,0,1,0,0,0,0,0,0,0,0,0,0,0,0
494,496,1,0,1,0,0,0,0,0,0,0,0,0,0,0,0,0,0
495,497,0,0,0,0,0,1,0,0,0,0,0,0,0,0,0,0,0
496,498,1,0,1,0,1,0,0,0,0,0,0,0,0,0,0,0,0
497,499,0,0,0,0,1,1,0,0,0,0,0,0,1,0,0,0,0
498,500,1,0,1,0,1,0,0,0,0,0,0,0,0,0,0,0,0
499,501,1,0,1,0,1,0,0,0,0,0,0,0,0,0,0,0,0
500,502,0,0,1,1,0,0,0,0,0,0,0,0,0,0,0,0,0
501,503,0,0,1,1,0,0,0,0,0,0,0,0,0,0,0,0,0
502,504,0,0,1,0,1,0,0,0,0,0,0,0,0,0,0,0,0
503,505,0,0,0,0,1,0,0,0,0,0,0,0,0,0,0,0,0
504,506,1,0,0,0,0,1,0,0,0,0,0,0,0,0,0,0,0
505,507,0,1,0,0,1,0,0,0,0,0,0,0,1,0,0,0,0
506,508,1,0,0,0,1,0,0,0,0,0,0,0,0,0,0,0,0
507,509,1,0,1,0,1,0,0,0,0,0,0,0,0,0,0,0,0
508,510,1,0,1,0,1,0,0,0,0,0,0,0,0,0,0,0,0
509,511,1,0,1,1,0,0,0,0,0,0,0,0,0,0,0,0,0
510,512,1,0,1,0,1,0,0,0,0,0,0,0,0,0,0,0,0
511,513,1,0,0,0,1,0,0,0,0,0,0,0,0,0,0,0,0
512,514,0,0,0,0,0,1,0,0,0,0,0,0,0,0,0,0,0
513,515,1,0,1,0,1,0,0,0,0,0,0,0,0,0,0,0,0
514,516,1,0,0,0,1,0,0,0,0,0,0,0,0,0,0,0,0
515,517,0,1,0,0,1,0,0,0,0,0,0,0,0,0,0,0,0
516,518,1,0,1,1,0,0,0,0,0,0,0,0,0,0,0,0,0
517,519,0,1,0,0,1,1,0,0,0,0,0,0,0,0,0,0,0
518,520,1,0,1,0,1,0,0,0,0,0,0,0,0,0,0,0,0
519,521,0,0,0,0,1,0,0,0,0,0,0,0,0,0,0,0,0
520,522,1,0,1,0,1,0,0,0,0,0,0,0,0,0,0,0,0
521,523,1,0,1,0,0,0,0,0,0,0,0,0,0,0,0,0,0
522,524,0,0,0,0,0,0,0,0,0,0,0,1,0,0,0,0,0
523,525,1,0,1,0,0,0,0,0,0,0,0,0,0,0,0,0,0
524,526,1,0,1,1,0,0,0,0,0,0,0,0,0,0,0,0,0
525,527,0,1,0,0,1,0,0,0,0,0,0,0,0,0,0,0,0
526,528,1,0,0,0,1,0,0,0,0,0,0,0,0,0,0,0,0
527,529,1,0,1,0,1,0,0,0,0,0,0,0,0,0,0,0,0
528,530,1,1,0,0,1,0,1,0,0,0,0,1,0,0,0,0,0
529,531,0,1,0,0,1,1,0,0,0,0,0,1,0,0,0,0,0
530,532,1,0,1,0,0,0,0,0,0,0,0,0,0,0,0,0,0
531,533,1,0,1,0,0,1,0,0,0,0,0,1,0,0,0,0,0
532,534,0,0,1,0,0,0,0,0,0,0,0,0,1,0,0,0,0
533,535,0,0,1,0,1,0,0,0,0,0,0,0,0,0,0,0,0
534,536,0,1,0,0,1,0,0,0,0,0,0,0,1,0,0,0,0
535,537,1,0,0,0,1,0,0,0,0,0,0,0,0,0,0,0,0
536,538,0,0,0,0,0,0,0,0,0,0,0,0,0,0,0,0,0
537,539,1,0,1,0,1,0,0,0,0,0,0,0,0,0,0,0,0
538,540,0,0,0,0,0,0,0,0,0,0,0,0,1,0,0,0,0
539,541,0,0,0,0,1,0,0,0,0,0,0,0,1,0,0,0,0
540,542,0,0,1,0,1,0,0,0,1,0,0,0,1,0,0,0,0
541,543,0,0,1,0,1,0,0,0,1,0,0,0,1,0,0,0,0
542,544,1,1,0,0,1,1,0,0,0,0,0,0,0,0,0,0,0
543,545,1,0,0,0,0,1,0,0,0,0,0,0,0,0,0,0,0
544,546,1,0,0,0,1,0,0,0,0,0,0,0,0,0,0,0,0
545,547,0,1,0,0,1,1,0,0,0,0,0,0,0,0,0,0,0
546,548,1,1,0,0,0,0,0,0,0,0,0,0,0,0,0,0,0
547,549,1,0,1,0,1,1,0,0,0,0,0,1,0,0,0,0,0
548,550,1,1,0,0,1,1,0,0,0,0,0,1,0,0,0,0,0
549,551,1,0,0,0,0,0,0,0,0,0,0,0,1,0,0,0,0
550,552,1,1,0,0,1,0,0,0,0,0,0,0,0,0,0,0,0
551,553,1,0,1,1,0,0,0,0,0,0,0,0,0,0,0,0,0
552,554,1,0,1,0,0,0,0,0,0,0,0,0,0,0,0,0,0
553,555,0,0,1,0,1,0,0,0,0,0,0,0,0,0,0,0,0
554,556,1,0,0,0,1,0,0,0,0,0,0,0,0,0,0,0,0
555,557,0,0,0,0,0,1,0,0,0,0,0,0,0,0,0,0,0
556,558,1,0,0,0,0,0,0,0,0,0,0,0,0,0,0,0,0
557,559,0,0,0,0,1,1,0,0,0,0,0,1,0,0,0,0,0
558,560,0,0,1,0,1,1,0,0,0,0,0,0,0,0,0,0,0
559,561,1,0,1,1,0,0,0,0,0,0,0,0,0,0,0,0,0
560,562,1,0,1,0,1,0,0,0,0,0,0,0,0,0,0,0,0
561,563,1,1,0,0,1,0,0,0,0,0,0,0,0,0,0,0,0
562,564,1,0,1,0,1,0,0,0,0,0,0,0,0,0,0,0,0
563,565,0,0,1,0,1,0,0,0,0,0,0,0,0,0,0,0,0
564,566,1,0,1,0,1,0,1,0,0,0,0,0,0,0,0,0,0
565,567,1,0,1,0,1,0,0,0,0,0,0,0,0,0,0,0,0
566,568,0,0,1,0,1,0,0,0,0,0,0,0,0,0,1,0,0
567,569,1,0,1,0,0,0,0,0,0,0,0,0,0,0,0,0,0
568,570,1,0,1,0,1,0,0,0,0,0,0,0,0,0,0,0,0
569,571,1,1,0,0,1,0,0,0,0,0,0,0,0,0,0,0,0
570,572,0,0,0,0,1,0,1,0,0,0,0,0,0,0,0,0,0
571,573,1,0,0,0,1,0,0,0,0,0,0,0,0,0,0,0,0
572,574,0,0,1,1,0,0,0,0,0,0,0,0,0,0,0,0,0
573,575,1,0,1,0,1,0,0,0,0,0,0,0,0,0,0,0,0
574,576,1,0,1,0,1,0,0,0,0,0,0,0,0,0,0,0,0
575,577,0,1,0,0,1,0,0,0,0,0,0,0,0,0,0,0,0
576,578,0,0,0,0,1,1,0,0,0,0,0,0,0,0,0,0,0
577,579,0,0,1,0,0,1,0,0,0,0,0,0,0,0,0,0,0
578,580,1,0,1,0,1,0,0,0,0,0,0,0,0,0,0,0,0
579,581,0,1,0,0,1,1,0,0,0,0,0,1,0,0,0,0,0
580,582,0,0,0,0,0,1,0,0,0,0,0,1,0,0,0,0,0
581,583,1,1,0,0,1,0,0,0,0,0,0,0,0,0,0,0,0
582,584,1,0,0,0,0,0,0,0,0,0,0,0,0,0,0,0,0
583,585,1,0,1,0,0,0,0,0,0,0,0,0,0,0,0,0,0
584,586,0,0,0,0,1,0,0,0,0,0,0,0,1,0,0,0,0
585,587,1,1,0,0,1,0,0,0,0,0,0,0,0,0,0,0,0
586,588,1,0,0,0,0,1,0,0,0,0,0,1,0,0,0,0,0
587,589,1,0,1,0,1,0,0,0,0,0,0,0,0,0,0,0,0
588,590,1,0,1,0,1,0,0,0,0,0,0,0,0,0,0,0,0
589,591,1,0,1,0,1,0,0,0,0,0,0,0,0,0,0,0,0
590,592,0,0,0,0,0,1,0,0,0,0,0,0,0,0,0,0,0
591,593,1,0,1,0,1,0,0,0,0,0,0,0,0,0,0,0,0
592,594,0,0,1,1,0,0,0,0,0,0,0,0,1,0,0,0,0
593,595,1,1,0,0,1,1,0,0,0,0,0,0,0,0,0,0,0
594,596,1,0,1,0,1,1,0,0,0,0,0,1,0,0,0,0,0
595,597,0,1,0,0,1,0,0,0,0,0,0,0,0,0,0,0,0
596,598,1,0,1,0,1,0,0,0,0,0,0,0,0,0,0,0,0
597,599,1,0,1,0,0,0,0,0,0,0,0,0,0,0,0,0,0
598,600,1,0,0,0,0,1,0,0,0,0,0,0,0,0,0,0,0
599,601,0,1,0,0,1,0,1,0,0,0,0,1,0,0,0,0,0
600,602,1,0,1,0,1,0,0,0,0,0,0,0,0,0,0,0,0
601,603,1,0,0,0,1,0,0,0,0,0,0,0,0,0,0,0,0
602,604,1,0,1,0,1,0,0,0,0,0,0,0,0,0,0,0,0
603,605,1,0,0,0,0,0,0,0,0,0,0,0,0,0,0,0,0
604,606,1,0,1,0,1,1,0,0,0,0,0,0,0,0,0,0,0
605,607,1,0,1,0,1,0,0,0,0,0,0,0,0,0,0,0,0
606,608,1,0,0,0,1,0,0,0,0,0,0,0,0,0,0,0,0
607,609,0,1,0,0,0,1,0,0,0,0,0,0,1,0,0,0,0
608,610,0,0,0,0,1,0,0,0,0,0,0,0,0,0,0,0,0
609,611,0,0,1,0,1,1,0,0,0,0,0,0,0,0,0,1,0
610,612,1,0,1,0,1,0,0,0,0,0,0,0,0,0,0,0,0
611,613,0,0,1,1,0,1,0,0,0,0,0,0,0,0,0,0,0
612,614,1,0,1,1,0,0,0,0,0,0,0,0,0,0,0,0,0
613,615,1,0,1,0,1,0,0,0,0,0,0,0,0,0,0,0,0
614,616,0,1,0,0,1,1,0,0,0,0,0,0,1,0,0,0,0
615,617,1,0,1,0,1,1,0,0,0,0,0,1,0,0,0,0,0
616,618,0,0,1,0,1,1,0,0,0,0,0,0,0,0,0,0,0
617,619,0,1,0,0,1,0,1,0,0,0,0,1,0,0,0,0,0
618,620,1,1,0,0,1,0,0,0,0,0,0,0,0,0,0,0,0
619,621,1,0,1,0,0,1,0,0,0,0,0,0,0,0,0,0,0
620,622,1,0,0,0,1,1,0,0,0,0,0,0,0,0,0,0,0
621,623,1,0,1,0,0,1,0,0,0,0,0,1,0,0,0,0,0
622,624,1,0,1,0,1,0,0,0,0,0,0,0,0,0,0,0,0
623,625,1,0,1,0,1,0,0,0,0,0,0,0,0,0,0,0,0
624,626,1,0,0,0,1,0,0,0,0,0,0,0,0,0,0,0,0
625,627,1,1,0,1,0,0,0,0,0,0,0,0,0,0,0,0,0
626,628,0,0,0,0,1,0,0,0,0,0,0,0,0,0,0,0,0
627,629,1,0,1,0,1,0,0,0,0,0,0,0,0,0,0,0,0
628,630,1,0,1,1,0,0,0,0,0,0,0,0,0,0,0,0,0
629,631,1,0,0,0,1,0,0,0,0,0,0,0,0,0,0,0,0
630,632,1,0,1,0,1,0,0,0,0,0,0,0,0,0,0,0,0
631,633,1,0,0,0,0,0,0,0,0,0,0,0,0,0,0,0,0
632,634,1,0,0,0,1,0,0,0,0,0,0,0,0,0,0,0,0
633,635,0,0,1,0,1,0,0,1,0,0,0,0,1,0,0,0,0
634,636,0,1,0,0,1,0,0,0,0,0,0,0,0,0,0,0,0
635,637,1,0,1,0,1,0,0,0,0,0,0,0,0,0,0,0,0
636,638,1,1,0,0,1,1,0,0,0,0,0,1,0,0,0,0,0
637,639,0,0,1,0,1,0,0,0,0,0,0,0,0,0,0,1,0
638,640,1,0,1,0,1,1,0,0,0,0,0,0,0,0,0,0,0
639,641,1,0,1,0,1,0,0,0,0,0,0,0,0,0,0,0,0
640,642,0,0,0,0,0,0,0,0,0,0,0,0,0,0,0,0,0
641,643,0,0,1,0,1,0,0,1,0,0,0,0,1,0,0,0,0
642,644,1,0,1,0,1,0,0,0,0,0,0,0,0,0,0,0,0
643,645,0,0,1,0,0,0,1,0,0,0,0,1,0,0,0,0,0
644,646,1,0,0,0,0,1,0,0,0,0,0,0,0,0,0,0,0
645,647,1,0,1,0,1,0,0,0,0,0,0,0,0,0,0,0,0
646,648,1,0,0,0,0,0,0,0,0,0,0,0,0,0,0,0,0
647,649,1,0,1,0,1,0,0,0,0,0,0,0,0,0,0,0,0
648,650,0,0,1,0,1,0,0,0,0,0,0,0,0,0,0,0,0
649,651,1,0,1,0,1,0,0,0,0,0,0,0,0,0,0,0,0
650,652,0,1,0,0,1,0,0,0,0,0,0,1,0,0,0,0,0
651,653,1,0,1,0,1,0,0,0,0,0,0,0,0,0,0,0,0
652,654,0,0,1,1,0,0,0,0,0,0,0,0,0,0,0,0,0
653,655,0,0,1,1,0,0,0,0,0,0,0,0,0,0,0,0,0
654,656,1,1,0,0,1,0,1,0,0,0,0,0,0,0,0,0,0
655,657,1,0,1,0,1,0,0,0,0,0,0,0,0,0,0,0,0
656,658,0,0,1,1,0,1,0,0,0,0,0,1,0,0,0,0,0
657,659,1,1,0,0,1,0,0,0,0,0,0,0,0,0,0,0,0
658,660,1,0,0,0,0,0,0,0,0,0,0,0,1,0,0,0,0
659,661,1,0,0,0,1,0,1,0,0,0,0,0,0,0,0,0,0
660,662,1,0,1,0,0,0,0,0,0,0,0,0,0,0,0,0,0
661,663,1,0,0,0,1,0,0,0,0,0,0,0,0,0,0,0,0
662,664,1,0,1,0,1,0,0,0,0,0,0,0,0,0,0,0,0
663,665,1,0,1,0,1,1,0,0,0,0,0,0,0,0,0,0,0
664,666,1,1,0,0,1,0,1,0,0,0,0,0,0,0,0,0,0
665,667,1,1,0,0,1,0,0,0,0,0,0,0,0,0,0,0,0
666,668,1,0,1,0,1,0,0,0,0,0,0,0,0,0,0,0,0
667,669,1,0,1,0,1,0,0,0,0,0,0,0,0,0,0,0,0
668,670,0,0,0,0,1,1,0,0,0,0,0,0,0,0,0,0,0
669,671,0,1,0,0,1,1,0,0,0,0,0,1,0,0,0,0,0
670,672,1,0,0,0,1,1,0,0,0,0,0,0,0,0,0,0,0
671,673,1,1,0,0,1,0,0,0,0,0,0,0,0,0,0,0,0
672,674,1,1,0,0,1,0,0,0,0,0,0,0,0,0,0,0,0
673,675,1,1,0,0,1,0,0,0,0,0,0,0,0,0,0,0,0
674,676,1,0,1,0,1,0,0,0,0,0,0,0,0,0,0,0,0
675,677,1,0,1,0,1,0,0,0,0,0,0,0,0,0,0,0,0
676,678,0,0,1,0,1,0,0,0,0,0,0,0,0,0,0,0,0
677,679,0,0,1,0,1,1,0,0,0,0,0,0,0,0,0,0,1
678,680,1,0,0,0,0,0,0,0,0,0,0,1,0,0,0,0,0
679,681,0,0,1,1,0,0,0,0,0,0,0,0,0,0,0,0,0
680,682,1,0,0,0,0,0,0,0,0,0,0,0,0,0,0,0,0
681,683,1,0,1,0,1,0,0,0,0,0,0,0,0,0,0,0,0
682,684,1,0,1,0,1,0,0,0,0,1,0,0,1,0,0,0,0
683,685,1,1,0,0,1,1,0,0,0,0,0,1,0,0,0,0,0
684,686,1,1,0,0,0,1,0,0,0,0,0,0,1,0,0,0,0
685,687,1,0,1,0,1,0,0,0,1,0,0,1,0,0,0,0,0
686,688,1,0,1,0,1,0,0,0,0,0,0,0,0,0,0,0,0
687,689,1,0,1,0,1,0,0,0,0,0,0,0,0,0,0,0,0
688,690,0,0,0,0,1,0,0,0,0,0,0,1,0,0,0,0,0
689,691,1,0,0,0,1,1,0,0,0,0,0,0,0,0,0,0,0
690,692,0,0,1,0,0,0,0,0,0,0,0,1,0,0,0,0,0
691,693,1,0,1,0,1,0,0,0,0,0,0,0,0,0,0,0,0
692,694,1,0,1,0,0,0,0,0,0,0,0,0,0,0,0,0,0
693,695,1,0,0,0,1,0,0,0,0,0,0,0,0,0,0,0,0
694,696,1,1,0,0,1,0,0,0,0,0,0,0,0,0,0,0,0
695,697,1,0,1,0,1,0,0,0,0,0,0,0,0,0,0,0,0
696,698,0,0,1,1,0,0,0,0,0,0,0,0,0,0,0,0,0
697,699,1,0,0,0,0,1,0,0,0,0,0,1,0,0,0,0,0
698,700,1,0,1,0,1,0,0,0,0,0,0,0,0,0,0,0,0
699,701,0,0,0,0,0,1,0,0,0,0,0,0,0,0,0,0,0
700,702,1,0,0,0,1,0,0,0,0,0,0,0,0,0,0,0,0
701,703,0,0,1,0,0,0,0,0,0,0,0,1,0,0,0,0,0
702,704,1,0,1,1,0,0,0,0,0,0,0,0,0,0,0,0,0
703,705,1,0,1,0,1,1,0,0,0,0,0,0,0,0,0,0,0
704,706,1,1,0,0,1,0,0,0,0,0,0,0,0,0,0,0,0
705,707,0,1,0,0,1,0,0,0,0,0,0,0,0,0,0,0,0
706,708,1,0,0,0,1,0,0,0,0,0,0,0,0,0,0,0,0
707,709,0,0,0,0,1,0,0,0,0,0,0,0,0,0,0,0,0
708,710,1,0,1,0,0,1,0,0,0,0,0,1,0,0,0,0,0
709,711,0,0,0,0,0,0,0,0,0,0,0,0,0,0,0,0,0
710,712,1,0,0,0,1,0,0,0,0,0,0,0,0,0,0,0,0
711,713,1,0,0,0,1,1,0,0,0,0,0,0,0,0,0,0,0
712,714,1,0,1,0,1,0,0,0,0,0,0,0,0,0,0,0,0
713,715,1,1,0,0,1,0,0,0,0,0,0,0,0,0,0,0,0
714,716,1,0,1,0,1,0,0,0,0,0,0,0,0,0,0,0,0
715,717,0,0,0,0,0,0,0,0,0,0,0,0,0,0,0,0,0
716,718,0,1,0,0,1,0,0,0,0,0,0,0,0,0,0,0,0
717,719,1,0,1,1,0,0,0,0,0,0,0,0,0,0,0,0,0
718,720,1,0,1,0,1,0,0,0,0,0,0,0,0,0,0,0,0
719,721,0,1,0,0,1,0,0,0,0,0,0,1,0,0,0,0,0
720,722,1,0,1,0,1,1,0,0,0,0,0,0,0,0,0,0,0
721,723,1,1,0,0,1,0,0,0,0,0,0,0,0,0,0,0,0
722,724,1,1,0,0,1,0,0,0,0,0,0,0,0,0,0,0,0
723,725,1,0,0,0,1,1,0,0,0,0,0,0,0,0,0,0,0
724,726,1,0,1,0,1,0,0,0,0,0,0,0,0,0,0,0,0
725,727,0,1,0,0,1,0,0,1,0,0,0,0,0,0,0,0,0
726,728,0,0,1,1,0,0,0,0,0,0,0,0,0,0,0,0,0
727,729,1,1,0,0,1,1,0,0,0,0,0,0,0,0,0,0,0
728,730,0,0,1,0,1,1,0,0,0,0,0,0,0,0,0,0,0
729,731,0,0,0,0,1,0,0,0,0,0,0,0,0,0,0,0,0
730,732,1,0,1,0,0,0,0,0,0,0,0,0,0,0,0,0,0
731,733,1,1,0,0,1,0,0,0,0,0,0,0,0,0,0,0,0
732,734,1,1,0,0,1,0,0,0,0,0,0,0,0,0,0,0,0
733,735,1,1,0,0,1,0,0,0,0,0,0,0,0,0,0,0,0
734,736,1,0,1,0,1,0,0,0,0,0,0,0,0,0,0,0,0
735,737,0,0,1,0,1,1,0,0,0,0,0,0,0,1,0,0,0
736,738,1,0,0,0,0,0,0,0,0,0,0,0,0,0,0,0,0
737,739,1,0,1,0,1,0,0,0,0,0,0,0,0,0,0,0,0
738,740,1,0,1,0,1,0,0,0,0,0,0,0,0,0,0,0,0
739,741,1,0,0,0,1,0,0,0,0,0,0,0,0,0,0,0,0
740,742,1,0,0,0,1,1,0,0,0,0,0,0,0,0,0,0,0
741,743,0,0,0,0,0,0,1,0,0,0,0,0,1,0,0,0,0
742,744,1,0,1,0,1,1,0,0,0,0,0,0,0,0,0,0,0
743,745,1,0,1,0,1,0,0,0,0,0,0,0,0,0,0,0,0
744,746,1,0,0,0,1,1,0,0,0,0,0,1,0,0,0,0,0
745,747,1,0,1,0,1,1,0,0,0,0,0,1,0,0,0,0,0
746,748,0,1,0,0,1,0,0,0,0,0,0,0,0,0,0,0,0
747,749,1,0,0,0,1,1,0,0,0,0,0,0,0,0,0,0,0
748,750,1,0,1,1,0,0,0,0,0,0,0,0,0,0,0,0,0
749,751,0,1,0,0,1,1,0,0,0,0,0,1,0,0,0,0,0
750,752,1,0,1,0,1,0,0,0,0,0,0,1,0,0,0,0,0
751,753,1,0,1,0,1,0,0,0,0,0,0,0,0,0,0,0,0
752,754,1,0,1,0,1,0,0,0,0,0,0,0,0,0,0,0,0
753,755,0,1,0,0,1,1,0,0,0,0,0,0,1,0,0,0,0
754,756,1,1,0,0,1,1,0,0,0,0,0,1,0,0,0,0,0
755,757,1,0,1,0,1,0,0,0,0,0,0,0,0,0,0,0,0
756,758,1,1,0,0,1,0,0,0,0,0,0,0,0,0,0,0,0
757,759,1,0,1,0,1,0,0,0,0,0,0,0,0,0,0,0,0
758,760,0,0,0,0,1,0,0,0,0,0,0,0,0,0,0,0,0
759,761,1,0,1,0,1,0,0,0,0,0,0,0,0,0,0,0,0
760,762,1,0,1,0,1,0,0,0,0,0,0,0,0,0,0,0,0
761,763,1,0,1,0,0,0,0,0,0,0,0,0,0,0,0,0,0
762,764,0,0,0,0,1,1,0,0,0,0,0,0,1,0,0,0,0
763,765,1,0,1,0,1,0,0,0,0,0,0,0,0,0,0,0,0
764,766,0,0,0,0,1,1,0,0,0,0,0,0,0,0,0,0,0
765,767,1,0,0,0,0,0,0,0,0,0,0,0,0,0,0,0,0
766,768,0,0,1,1,0,0,0,0,0,0,0,0,0,0,0,0,0
767,769,1,0,1,1,0,1,0,0,0,0,0,0,0,0,0,0,0
768,770,1,0,1,0,1,0,0,0,0,0,0,0,0,0,0,0,0
769,771,1,0,1,0,1,0,0,0,0,0,0,0,0,0,0,0,0
770,772,1,0,1,0,1,0,0,0,0,0,0,0,0,0,0,0,0
771,773,0,1,0,0,1,0,0,0,0,0,0,0,0,0,0,0,0
772,774,1,0,1,0,0,0,0,0,0,0,0,0,0,0,0,0,0
773,775,0,1,0,0,1,1,0,0,0,0,0,0,0,1,0,0,0
774,776,1,0,1,0,1,0,0,0,0,0,0,0,0,0,0,0,0
775,777,1,0,1,1,0,0,0,0,0,0,0,0,0,0,0,0,0
776,778,0,0,1,0,1,0,0,0,0,0,0,0,0,0,0,0,0
777,779,1,0,1,1,0,0,0,0,0,0,0,0,0,0,0,0,0
778,780,0,0,0,0,1,0,0,0,0,0,0,1,0,0,0,0,0
779,781,0,0,1,0,0,0,0,0,0,0,0,0,0,0,0,0,0
780,782,0,0,0,0,1,1,0,0,0,0,0,0,0,0,0,0,0
781,783,1,0,0,0,1,0,0,0,0,0,0,0,0,0,0,0,0
782,784,1,0,1,0,1,1,0,0,0,0,0,0,1,0,0,0,0
783,785,1,0,1,0,1,0,0,0,0,0,0,0,0,0,0,0,0
784,786,1,0,1,0,1,0,0,0,0,0,0,0,0,0,0,0,0
785,787,0,0,1,0,1,0,0,0,0,0,0,0,0,0,0,0,0
786,788,1,0,1,1,0,0,0,0,1,0,0,1,0,0,0,0,0
787,789,1,0,1,0,1,1,0,0,0,0,0,0,1,0,0,0,0
788,790,1,0,0,0,0,0,0,0,0,0,0,0,0,0,0,0,0
789,791,1,0,1,1,0,0,0,0,0,0,0,0,0,0,0,0,0
790,792,1,1,0,0,1,0,0,0,0,0,0,0,0,0,0,0,0
791,793,0,0,1,0,1,0,0,0,0,0,1,0,1,0,0,0,0
792,794,1,0,0,0,0,0,0,0,0,0,0,0,0,0,0,0,0
793,795,1,0,1,0,1,0,0,0,0,0,0,0,0,0,0,0,0
794,796,1,1,0,0,1,0,0,0,0,0,0,0,0,0,0,0,0
795,797,0,0,0,0,1,0,0,0,0,0,0,0,0,0,0,0,0
796,798,0,0,1,0,1,0,0,0,0,0,0,0,0,0,0,0,0
797,799,1,0,1,0,0,0,0,0,0,0,0,0,0,0,0,0,0
798,800,0,0,1,0,1,1,0,0,0,0,0,1,0,0,0,0,0
799,801,1,1,0,0,1,0,0,0,0,0,0,0,0,0,0,0,0
800,802,0,1,0,0,1,1,0,0,0,0,0,1,0,0,0,0,0
801,803,1,0,0,0,1,1,0,0,0,0,0,0,1,0,0,0,0
802,804,1,0,1,0,0,0,0,0,0,0,0,1,0,0,0,0,0
803,805,1,0,1,0,1,0,0,0,0,0,0,0,0,0,0,0,0
804,806,1,0,1,0,1,0,0,0,0,0,0,0,0,0,0,0,0
805,807,1,0,0,0,1,0,0,0,0,0,0,0,0,0,0,0,0
806,808,0,0,1,0,1,0,0,0,0,0,0,0,0,0,0,0,0
807,809,1,1,0,0,1,0,0,0,0,0,0,0,0,0,0,0,0
808,810,0,0,0,0,1,1,0,0,0,0,0,0,0,0,0,0,0
809,811,1,0,1,0,1,0,0,0,0,0,0,0,0,0,0,0,0
810,812,1,0,1,0,1,0,0,0,0,0,0,0,0,0,0,0,0
811,813,1,1,0,0,1,0,0,0,0,0,0,0,0,0,0,0,0
812,814,0,0,1,0,1,0,0,0,1,0,0,0,1,0,0,0,0
813,815,1,0,1,0,1,0,0,0,0,0,0,0,0,0,0,0,0
814,816,1,0,0,0,1,0,0,0,0,0,0,0,0,0,0,0,0
815,817,0,0,1,0,1,0,0,0,0,0,0,0,0,0,0,0,0
816,818,1,1,0,0,0,1,0,0,0,0,0,1,0,0,0,0,0
817,819,1,0,1,0,1,0,0,0,0,0,0,0,0,0,0,0,0
818,820,1,0,1,0,1,0,0,1,0,0,0,0,1,0,0,0,0
819,821,0,0,0,0,1,1,0,0,0,0,0,1,0,0,0,0,0
820,822,1,0,1,0,1,0,0,0,0,0,0,0,0,0,0,0,0
821,823,1,0,0,0,1,0,0,0,0,0,0,0,0,0,0,0,0
822,824,0,0,1,0,1,0,0,0,0,0,0,1,0,0,0,0,0
823,825,1,0,1,0,1,0,0,0,1,0,0,1,0,0,0,0,0
824,826,1,0,1,1,0,0,0,0,0,0,0,0,0,0,0,0,0
825,827,1,0,1,0,1,0,0,0,0,0,0,0,0,0,0,0,0
826,828,1,1,0,0,0,0,0,0,0,0,0,0,1,0,0,0,0
827,829,1,0,1,1,0,0,0,0,0,0,0,0,0,0,0,0,0
828,831,0,0,1,0,0,1,0,0,0,0,0,0,0,0,0,0,0
829,832,1,1,0,0,1,1,0,0,0,0,0,1,0,0,0,0,0
830,833,1,0,1,0,0,0,0,0,0,0,0,0,0,0,0,0,0
831,834,1,0,1,0,1,0,0,0,0,0,0,0,0,0,0,0,0
832,835,1,0,1,0,1,0,0,0,0,0,0,0,0,0,0,0,0
833,836,0,0,0,0,0,1,0,0,0,0,0,1,0,0,0,0,0
834,837,1,0,1,0,1,0,0,0,0,0,0,0,0,0,0,0,0
835,838,1,0,1,0,1,0,0,0,0,0,0,0,0,0,0,0,0
836,839,1,0,1,0,1,0,0,0,0,0,0,0,0,0,0,0,0
837,840,1,0,0,0,0,0,0,0,0,0,0,0,0,0,0,0,0
838,841,1,0,1,0,1,0,0,0,0,0,0,0,0,0,0,0,0
839,842,1,1,0,0,1,0,0,0,0,0,0,0,0,0,0,0,0
840,843,0,0,0,0,0,0,0,0,0,0,0,0,0,0,0,0,0
841,844,1,0,1,0,0,0,0,0,0,0,0,0,0,0,0,0,0
842,845,1,0,1,0,1,0,0,0,0,0,0,0,0,0,0,0,0
843,846,1,0,1,0,1,0,0,0,0,0,0,0,0,0,0,0,0
844,847,1,0,1,0,1,0,0,0,0,0,1,0,1,0,0,0,0
845,848,1,0,1,0,0,0,0,0,0,0,0,0,0,0,0,0,0
846,849,1,1,0,0,1,0,0,0,0,0,0,1,0,0,0,0,0
847,850,0,0,0,0,0,1,0,0,0,0,0,0,0,0,0,0,0
848,851,1,0,1,0,1,0,0,0,1,0,0,0,1,0,0,0,0
849,852,1,0,1,0,1,0,0,0,0,0,0,0,0,0,0,0,0
850,853,0,0,1,0,0,1,0,0,0,0,0,1,0,0,0,0,0
851,854,0,0,0,0,1,0,0,0,0,0,0,1,0,0,0,0,0
852,855,0,1,0,0,1,1,0,0,0,0,0,0,0,0,0,0,0
853,856,0,0,1,0,1,0,0,0,0,0,0,1,0,0,0,0,0
854,857,0,0,0,0,1,1,0,0,0,0,0,1,0,0,0,0,0
855,858,1,0,0,0,1,0,0,0,0,0,0,0,0,0,0,0,0
856,859,0,0,1,0,0,0,0,0,0,0,0,0,0,1,0,0,0
857,860,1,0,1,0,0,0,0,0,0,0,0,0,0,0,0,0,0
858,861,1,0,1,0,1,0,1,0,0,0,0,0,0,0,0,0,0
859,862,1,1,0,0,1,1,0,0,0,0,0,0,0,0,0,0,0
860,863,0,0,0,0,1,0,0,0,0,0,0,0,0,0,0,0,0
861,864,0,0,1,0,1,0,0,0,0,0,1,0,1,0,0,0,0
862,865,1,1,0,0,1,0,0,0,0,0,0,0,0,0,0,0,0
863,866,0,1,0,0,1,0,0,0,0,0,0,0,0,0,0,0,0
864,867,0,1,0,0,0,1,0,0,0,0,0,0,0,0,0,0,0
865,868,1,0,0,0,1,0,0,0,0,0,0,0,0,0,0,0,0
866,869,1,0,1,0,1,0,0,0,0,0,0,0,0,0,0,0,0
867,870,1,0,1,0,1,1,0,0,0,0,0,1,0,0,0,0,0
868,871,1,0,1,0,1,0,0,0,0,0,0,0,0,0,0,0,0
869,872,0,0,0,0,1,1,0,0,0,0,0,1,0,0,0,0,0
870,873,1,0,0,0,1,0,0,0,0,0,0,0,0,0,0,0,0
871,874,1,0,1,0,1,0,0,0,0,0,0,0,0,0,0,0,0
872,875,0,1,0,0,0,1,0,0,0,0,0,0,0,0,0,0,0
873,876,0,0,1,0,0,0,0,0,0,0,0,0,0,0,0,0,0
874,877,1,0,1,0,1,0,0,0,0,0,0,0,0,0,0,0,0
875,878,1,0,1,0,1,0,0,0,0,0,0,0,0,0,0,0,0
876,879,1,0,1,0,1,0,0,0,0,0,0,0,0,0,0,0,0
877,880,0,0,0,0,0,0,0,0,0,0,0,1,0,0,0,0,0
878,881,0,1,0,0,1,0,0,0,0,0,0,1,0,0,0,0,0
879,882,1,0,1,0,1,0,0,0,0,0,0,0,0,0,0,0,0
880,883,0,0,1,0,1,0,0,0,0,0,0,0,0,0,0,0,0
881,884,1,1,0,0,1,0,0,0,0,0,0,0,0,0,0,0,0
882,885,1,0,1,0,1,0,0,0,0,0,0,0,0,0,0,0,0
883,886,0,0,1,1,0,0,0,0,0,0,0,0,0,0,0,1,0
884,887,1,1,0,0,1,0,0,0,0,0,0,0,0,0,0,0,0
885,888,0,0,0,0,1,0,0,0,0,0,0,0,0,0,0,0,0
886,889,0,0,1,0,1,1,0,0,0,0,0,0,1,0,0,0,0
887,890,1,0,0,0,0,0,0,0,0,0,0,0,0,0,0,0,0
888,891,1,0,1,1,0,0,0,0,0,0,0,0,0,0,0,0,0
