,Survived
0,0
1,1
2,1
3,1
4,0
5,0
6,0
7,0
8,1
9,1
10,1
11,1
12,0
13,0
14,0
15,1
16,0
17,1
18,0
19,1
20,0
21,1
22,1
23,1
24,0
25,1
26,0
27,0
28,1
29,0
30,0
31,1
32,1
33,0
34,0
35,0
36,1
37,0
38,0
39,1
40,0
41,0
42,0
43,1
44,1
45,0
46,0
47,1
48,0
49,0
50,0
51,0
52,1
53,1
54,0
55,1
56,1
57,0
58,1
59,0
60,0
61,0
62,0
63,0
64,1
65,1
66,0
67,1
68,0
69,0
70,0
71,0
72,0
73,1
74,0
75,0
76,0
77,1
78,1
79,0
80,1
81,1
82,0
83,1
84,1
85,0
86,0
87,1
88,0
89,0
90,0
91,0
92,0
93,0
94,0
95,0
96,1
97,1
98,0
99,0
100,0
101,0
102,0
103,0
104,0
105,1
106,1
107,0
108,1
109,0
110,0
111,0
112,0
113,0
114,0
115,0
116,0
117,0
118,0
119,0
120,0
121,0
122,1
123,0
124,1
125,0
126,1
127,1
128,0
129,0
130,0
131,0
132,1
133,0
134,0
135,1
136,0
137,0
138,0
139,0
140,1
141,1
142,0
143,0
144,0
145,1
146,0
147,0
148,0
149,0
150,1
151,0
152,0
153,0
154,0
155,1
156,0
157,0
158,0
159,0
160,1
161,0
162,0
163,0
164,1
165,1
166,0
167,0
168,0
169,0
170,0
171,1
172,0
173,0
174,0
175,0
176,0
177,0
178,0
179,0
180,0
181,0
182,1
183,1
184,0
185,1
186,1
187,0
188,0
189,1
190,0
191,1
192,1
193,1
194,1
195,0
196,0
197,1
198,0
199,0
200,0
201,0
202,0
203,1
204,0
205,0
206,1
207,1
208,1
209,0
210,1
211,0
212,0
213,0
214,1
215,1
216,0
217,1
218,0
219,1
220,0
221,0
222,0
223,1
224,0
225,1
226,0
227,0
228,0
229,1
230,0
231,0
232,1
233,0
234,0
235,0
236,1
237,0
238,0
239,0
240,1
241,0
242,0
243,0
244,0
245,0
246,1
247,1
248,0
249,0
250,0
251,0
252,0
253,0
254,1
255,1
256,1
257,1
258,1
259,0
260,1
261,0
262,0
263,0
264,0
265,0
266,1
267,1
268,1
269,0
270,1
271,1
272,0
273,1
274,1
275,0
276,0
277,0
278,1
279,0
280,0
281,0
282,1
283,0
284,0
285,1
286,0
287,1
288,1
289,1
290,1
291,0
292,0
293,0
294,0
295,0
296,0
297,1
298,1
299,1
300,1
301,0
302,1
303,0
304,1
305,1
306,1
307,0
308,1
309,1
310,1
311,0
312,0
313,0
314,1
315,1
316,0
317,1
318,1
319,0
320,0
321,1
322,1
323,0
324,1
325,0
326,1
327,1
328,1
329,1
330,0
331,0
332,0
333,1
334,0
335,0
336,1
337,1
338,0
339,1
340,1
341,0
342,0
343,0
344,1
345,1
346,1
347,1
348,0
349,0
350,0
351,0
352,0
353,0
354,0
355,1
356,0
357,1
358,1
359,0
360,0
361,0
362,0
363,0
364,0
365,1
366,1
367,1
368,1
369,1
370,0
371,0
372,0
373,0
374,1
375,1
376,0
377,0
378,0
379,1
380,1
381,0
382,1
383,0
384,0
385,0
386,1
387,0
388,1
389,1
390,1
391,0
392,1
393,1
394,0
395,0
396,0
397,0
398,1
399,1
400,0
401,0
402,0
403,0
404,0
405,0
406,1
407,0
408,0
409,0
410,0
411,1
412,0
413,1
414,0
415,1
416,1
417,0
418,0
419,0
420,0
421,0
422,0
423,0
424,0
425,1
426,1
427,0
428,1
429,1
430,1
431,1
432,0
433,0
434,1
435,0
436,1
437,0
438,0
439,1
440,0
441,0
442,1
443,1
444,1
445,1
446,1
447,1
448,1
449,0
450,0
451,0
452,1
453,0
454,1
455,0
456,1
457,1
458,0
459,1
460,0
461,0
462,0
463,0
464,0
465,0
466,0
467,0
468,1
469,0
470,0
471,1
472,1
473,0
474,0
475,0
476,0
477,0
478,1
479,0
480,0
481,0
482,1
483,1
484,0
485,1
486,0
487,0
488,1
489,0
490,0
491,0
492,0
493,0
494,0
495,1
496,0
497,0
498,0
499,0
500,0
501,0
502,0
503,1
504,0
505,1
506,1
507,0
508,1
509,1
510,0
511,1
512,1
513,0
514,0
515,1
516,0
517,1
518,0
519,1
520,0
521,0
522,1
523,0
524,0
525,1
526,0
527,0
528,0
529,1
530,0
531,0
532,1
533,0
534,1
535,0
536,1
537,0
538,1
539,1
540,0
541,0
542,1
543,0
544,0
545,1
546,1
547,0
548,1
549,1
550,0
551,0
552,1
553,1
554,0
555,1
556,0
557,1
558,1
559,0
560,0
561,0
562,0
563,0
564,0
565,0
566,0
567,0
568,1
569,1
570,1
571,1
572,1
573,0
574,0
575,1
576,1
577,0
578,1
579,1
580,1
581,0
582,0
583,0
584,1
585,0
586,1
587,0
588,0
589,0
590,1
591,0
592,0
593,0
594,0
595,1
596,0
597,0
598,1
599,1
600,0
601,0
602,0
603,1
604,0
605,0
606,1
607,1
608,1
609,0
610,0
611,1
612,0
613,0
614,1
615,0
616,0
617,1
618,0
619,0
620,1
621,1
622,0
623,0
624,0
625,0
626,1
627,0
628,0
629,1
630,0
631,1
632,0
633,0
634,1
635,0
636,0
637,0
638,0
639,0
640,1
641,0
642,1
643,1
644,1
645,0
646,1
647,0
648,1
649,0
650,1
651,0
652,1
653,0
654,0
655,0
656,0
657,0
658,0
659,1
660,0
661,0
662,0
663,1
664,0
665,0
666,0
667,0
668,1
669,1
670,0
671,0
672,1
673,0
674,0
675,0
676,1
677,0
678,1
679,0
680,1
681,0
682,0
683,0
684,0
685,0
686,0
687,0
688,1
689,1
690,1
691,1
692,0
693,0
694,0
695,0
696,1
697,0
698,0
699,1
700,1
701,0
702,0
703,0
704,0
705,1
706,1
707,1
708,1
709,1
710,0
711,1
712,0
713,0
714,0
715,1
716,1
717,0
718,0
719,1
720,0
721,0
722,0
723,1
724,0
725,1
726,1
727,0
728,0
729,1
730,0
731,0
732,0
733,0
734,0
735,0
736,1
737,0
738,0
739,1
740,0
741,1
742,0
743,1
744,0
745,0
746,1
747,0
748,0
749,1
750,1
751,0
752,0
753,1
754,1
755,0
756,0
757,0
758,1
759,0
760,0
761,1
762,1
763,0
764,1
765,0
766,0
767,0
768,0
769,0
770,0
771,0
772,0
773,1
774,0
775,0
776,1
777,0
778,1
779,1
780,1
781,0
782,0
783,0
784,0
785,1
786,0
787,1
788,0
789,0
790,0
791,0
792,0
793,0
794,0
795,1
796,1
797,0
798,0
799,0
800,1
801,1
802,1
803,1
804,0
805,0
806,0
807,0
808,1
809,0
810,0
811,0
812,0
813,0
814,0
815,0
816,0
817,0
818,0
819,1
820,1
821,0
822,1
823,0
824,0
825,0
826,1
827,1
828,1
829,1
830,0
831,0
832,0
833,1
834,0
835,0
836,1
837,1
838,0
839,0
840,1
841,0
842,0
843,0
844,0
845,0
846,0
847,1
848,0
849,0
850,0
851,1
852,0
853,1
854,1
855,1
856,1
857,0
858,0
859,0
860,1
861,0
862,0
863,1
864,1
865,0
866,0
867,1
868,0
869,1
870,0
871,0
872,1
873,1
874,0
875,0
876,0
877,1
878,1
879,0
880,0
881,0
882,0
883,0
884,0
885,1
886,0
887,1
888,0
